+-----+-----+-----+-----+-----+-----+-----+-----+-----+-----+
|  983|  386|  577|  215|  393|  935|  686|  292|  349|  821|
+-----+-----+-----+-----+-----+-----+-----+-----+-----+-----+
|   42|   77|   60|   89|   33|   86|   70|   46|   62|   56|
+-----+-----+-----+-----+-----+-----+-----+-----+-----+-----+
|41286|29722|34620|19135|12969|80410|48020|13432|21638|45976|
+-----+-----+-----+-----+-----+-----+-----+-----+-----+-----+
|    9|    9|    7|    7|    9|    9|    9|    5|    2|    2|
+-----+-----+-----+-----+-----+-----+-----+-----+-----+-----+
| 4587| 3302| 4945| 2733| 1441| 8934| 5335| 2686|10819|22988|
+-----+-----+-----+-----+-----+-----+-----+-----+-----+-----+
